0 0.5944444444444444 0.7898148148148149 0.08518518518518518 0.08518518518518518
1 0.5527777777777778 0.6675925925925926 0.10277777777777777 0.09814814814814815
2 0.6851851851851852 0.65 0.08703703703703704 0.08703703703703704
3 0.8148148148148148 0.7444444444444445 0.11018518518518519 0.1175925925925926
3 0.22592592592592592 0.44351851851851853 0.11018518518518519 0.1175925925925926
3 0.5092592592592593 0.5527777777777778 0.11018518518518519 0.1175925925925926
0 0.45092592592592595 0.1638888888888889 0.08518518518518518 0.08518518518518518
0 0.45740740740740743 0.26481481481481484 0.08518518518518518 0.08518518518518518
0 0.5935185185185186 0.43148148148148147 0.08518518518518518 0.08518518518518518
0 0.38425925925925924 0.44722222222222224 0.08518518518518518 0.08518518518518518
0 0.7055555555555556 0.22962962962962963 0.08518518518518518 0.08518518518518518
0 0.787962962962963 0.549074074074074 0.08518518518518518 0.08518518518518518
2 0.3851851851851852 0.8351851851851851 0.08703703703703704 0.08703703703703704
2 0.475 0.3990740740740741 0.08703703703703704 0.08703703703703704
1 0.7425925925925926 0.39351851851851855 0.10277777777777777 0.09814814814814815
1 0.6435185185185185 0.537962962962963 0.10277777777777777 0.09814814814814815
1 0.6 0.2972222222222222 0.10277777777777777 0.09814814814814815
1 0.30833333333333335 0.31666666666666665 0.10277777777777777 0.09814814814814815
1 0.3592592592592593 0.5574074074074075 0.10277777777777777 0.09814814814814815
1 0.26666666666666666 0.7314814814814815 0.10277777777777777 0.09814814814814815
1 0.42314814814814816 0.6787037037037037 0.10277777777777777 0.09814814814814815